t =   0.000E+00
        0.100000E+01        0.100000E+01        0.100000E+01        0.100000E+01        0.100000E+01
        0.100000E+01        0.100000E+01        0.100000E+01        0.100000E+01        0.100000E+01
        0.100000E+01        0.100000E+01        0.100000E+01        0.100000E+01        0.100000E+01
        0.100000E+01        0.100000E+01        0.999999E+00        0.999999E+00        0.999999E+00
        0.999998E+00        0.999997E+00        0.999996E+00        0.999994E+00        0.999990E+00
        0.999985E+00        0.999977E+00        0.999966E+00        0.999948E+00        0.999921E+00
        0.999880E+00        0.999818E+00        0.999724E+00        0.999581E+00        0.999365E+00
        0.999037E+00        0.998540E+00        0.997789E+00        0.996654E+00        0.994941E+00
        0.992366E+00        0.988511E+00        0.982777E+00        0.974332E+00        0.962071E+00
        0.944636E+00        0.920565E+00        0.888650E+00        0.848530E+00        0.801343E+00
        0.750000E+00        0.698657E+00        0.651470E+00        0.611350E+00        0.579435E+00
        0.555363E+00        0.537929E+00        0.525668E+00        0.517222E+00        0.511488E+00
        0.507633E+00        0.505058E+00        0.503345E+00        0.502209E+00        0.501457E+00
        0.500960E+00        0.500631E+00        0.500412E+00        0.500267E+00        0.500169E+00
        0.500102E+00        0.500054E+00        0.500017E+00        0.499985E+00        0.499954E+00
        0.499919E+00        0.499876E+00        0.499819E+00        0.499743E+00        0.499638E+00
        0.499494E+00        0.499292E+00        0.499012E+00        0.498622E+00        0.498078E+00
        0.497323E+00        0.496274E+00        0.494819E+00        0.492806E+00        0.490030E+00
        0.486222E+00        0.481030E+00        0.474012E+00        0.464640E+00        0.452319E+00
        0.436452E+00        0.416557E+00        0.392424E+00        0.364303E+00        0.333028E+00
        0.300000E+00        0.266972E+00        0.235698E+00        0.207577E+00        0.183443E+00
        0.163548E+00        0.147681E+00        0.135360E+00        0.125988E+00        0.118970E+00
        0.113778E+00        0.109970E+00        0.107194E+00        0.105182E+00        0.103726E+00
        0.102677E+00        0.101922E+00        0.101379E+00        0.100989E+00        0.100709E+00
        0.100508E+00        0.100364E+00        0.100261E+00        0.100187E+00        0.100134E+00
        0.100096E+00        0.100069E+00        0.100049E+00        0.100035E+00        0.100025E+00
        0.100018E+00        0.100013E+00        0.100009E+00        0.100007E+00        0.100005E+00
        0.100003E+00        0.100002E+00        0.100002E+00        0.100001E+00        0.100001E+00
        0.100001E+00        0.100000E+00        0.100000E+00        0.100000E+00        0.100000E+00
        0.100000E+00        0.100000E+00        0.100000E+00        0.100000E+00        0.100000E+00
        0.100000E+00        0.100000E+00        0.100000E+00        0.100000E+00        0.100000E+00
        0.100000E+00        0.100000E+00        0.100000E+00        0.100000E+00        0.100000E+00
        0.100000E+00        0.100000E+00        0.100000E+00        0.100000E+00        0.100000E+00
        0.100000E+00        0.100000E+00        0.100000E+00        0.100000E+00        0.100000E+00
        0.100000E+00        0.100000E+00        0.100000E+00        0.100000E+00        0.100000E+00
        0.100000E+00        0.100000E+00        0.100000E+00        0.100000E+00        0.100000E+00
        0.100000E+00        0.100000E+00        0.100000E+00        0.100000E+00        0.100000E+00
        0.100000E+00        0.100000E+00        0.100000E+00        0.100000E+00        0.100000E+00
        0.100000E+00        0.100000E+00        0.100000E+00        0.100000E+00        0.100000E+00
        0.100000E+00        0.100000E+00        0.100000E+00        0.100000E+00        0.100000E+00
        0.100000E+00
t =   0.100E+00
        0.100000E+01        0.100000E+01        0.100000E+01        0.100000E+01        0.100000E+01
        0.100000E+01        0.100000E+01        0.100000E+01        0.100000E+01        0.100000E+01
        0.100000E+01        0.100000E+01        0.100000E+01        0.100000E+01        0.100000E+01
        0.100000E+01        0.100000E+01        0.100000E+01        0.100000E+01        0.100000E+01
        0.100000E+01        0.100000E+01        0.100000E+01        0.100000E+01        0.100000E+01
        0.100000E+01        0.100000E+01        0.100000E+01        0.100000E+01        0.100000E+01
        0.100000E+01        0.100000E+01        0.100000E+01        0.999999E+00        0.999999E+00
        0.999998E+00        0.999998E+00        0.999997E+00        0.999995E+00        0.999992E+00
        0.999988E+00        0.999982E+00        0.999972E+00        0.999958E+00        0.999936E+00
        0.999904E+00        0.999854E+00        0.999778E+00        0.999662E+00        0.999486E+00
        0.999218E+00        0.998808E+00        0.998180E+00        0.997216E+00        0.995733E+00
        0.993450E+00        0.989941E+00        0.984578E+00        0.976457E+00        0.964343E+00
        0.946677E+00        0.921771E+00        0.888338E+00        0.846280E+00        0.797366E+00
        0.745193E+00        0.694192E+00        0.648225E+00        0.609617E+00        0.579009E+00
        0.555816E+00        0.538832E+00        0.526704E+00        0.518202E+00        0.512322E+00
        0.508296E+00        0.505557E+00        0.503704E+00        0.502453E+00        0.501608E+00
        0.501034E+00        0.500637E+00        0.500355E+00        0.500141E+00        0.499963E+00
        0.499793E+00        0.499608E+00        0.499385E+00        0.499097E+00        0.498710E+00
        0.498181E+00        0.497450E+00        0.496436E+00        0.495028E+00        0.493074E+00
        0.490369E+00        0.486639E+00        0.481524E+00        0.474570E+00        0.465226E+00
        0.452870E+00        0.436879E+00        0.416757E+00        0.392308E+00        0.363831E+00
        0.332239E+00        0.299012E+00        0.265949E+00        0.234792E+00        0.206888E+00
        0.183003E+00        0.163330E+00        0.147633E+00        0.135422E+00        0.126109E+00
        0.119114E+00        0.113920E+00        0.110098E+00        0.107303E+00        0.105270E+00
        0.103796E+00        0.102731E+00        0.101963E+00        0.101409E+00        0.101012E+00
        0.100726E+00        0.100521E+00        0.100373E+00        0.100268E+00        0.100192E+00
        0.100137E+00        0.100099E+00        0.100071E+00        0.100051E+00        0.100036E+00
        0.100026E+00        0.100019E+00        0.100013E+00        0.100010E+00        0.100007E+00
        0.100005E+00        0.100004E+00        0.100003E+00        0.100002E+00        0.100001E+00
        0.100001E+00        0.100001E+00        0.100000E+00        0.100000E+00        0.100000E+00
        0.100000E+00        0.100000E+00        0.100000E+00        0.100000E+00        0.100000E+00
        0.100000E+00        0.100000E+00        0.100000E+00        0.100000E+00        0.100000E+00
        0.100000E+00        0.100000E+00        0.100000E+00        0.100000E+00        0.100000E+00
        0.100000E+00        0.100000E+00        0.100000E+00        0.100000E+00        0.100000E+00
        0.100000E+00        0.100000E+00        0.100000E+00        0.100000E+00        0.100000E+00
        0.100000E+00        0.100000E+00        0.100000E+00        0.100000E+00        0.100000E+00
        0.100000E+00        0.100000E+00        0.100000E+00        0.100000E+00        0.100000E+00
        0.100000E+00        0.100000E+00        0.100000E+00        0.100000E+00        0.100000E+00
        0.100000E+00        0.100000E+00        0.100000E+00        0.100000E+00        0.100000E+00
        0.100000E+00        0.100000E+00        0.100000E+00        0.100000E+00        0.100000E+00
        0.100000E+00
t =   0.200E+00
        0.100000E+01        0.100000E+01        0.100000E+01        0.100000E+01        0.100000E+01
        0.100000E+01        0.100000E+01        0.100000E+01        0.100000E+01        0.100000E+01
        0.100000E+01        0.100000E+01        0.100000E+01        0.100000E+01        0.100000E+01
        0.100000E+01        0.100000E+01        0.100000E+01        0.100000E+01        0.100000E+01
        0.100000E+01        0.100000E+01        0.100000E+01        0.100000E+01        0.100000E+01
        0.100000E+01        0.100000E+01        0.100000E+01        0.100000E+01        0.100000E+01
        0.100000E+01        0.100000E+01        0.100000E+01        0.100000E+01        0.100000E+01
        0.100000E+01        0.100000E+01        0.100000E+01        0.100000E+01        0.100000E+01
        0.100000E+01        0.100000E+01        0.100000E+01        0.100000E+01        0.100000E+01
        0.100000E+01        0.100000E+01        0.100000E+01        0.999999E+00        0.999999E+00
        0.999999E+00        0.999998E+00        0.999997E+00        0.999996E+00        0.999994E+00
        0.999990E+00        0.999985E+00        0.999977E+00        0.999966E+00        0.999948E+00
        0.999920E+00        0.999878E+00        0.999814E+00        0.999714E+00        0.999562E+00
        0.999326E+00        0.998961E+00        0.998393E+00        0.997503E+00        0.996119E+00
        0.993959E+00        0.990572E+00        0.985302E+00        0.977216E+00        0.965018E+00
        0.947114E+00        0.921847E+00        0.887998E+00        0.845542E+00        0.796322E+00
        0.743999E+00        0.693029E+00        0.647246E+00        0.608902E+00        0.578565E+00
        0.555599E+00        0.538773E+00        0.526735E+00        0.518261E+00        0.512357E+00
        0.508263E+00        0.505417E+00        0.503413E+00        0.501960E+00        0.500845E+00
        0.499907E+00        0.499013E+00        0.498045E+00        0.496882E+00        0.495386E+00
        0.493384E+00        0.490659E+00        0.486924E+00        0.481811E+00        0.474855E+00
        0.465496E+00        0.453105E+00        0.437051E+00        0.416836E+00        0.392269E+00
        0.363665E+00        0.331957E+00        0.298646E+00        0.265546E+00        0.234400E+00
        0.206546E+00        0.182731E+00        0.163136E+00        0.147510E+00        0.135358E+00
        0.126089E+00        0.119124E+00        0.113948E+00        0.110134E+00        0.107342E+00
        0.105308E+00        0.103830E+00        0.102761E+00        0.101987E+00        0.101430E+00
        0.101028E+00        0.100738E+00        0.100530E+00        0.100381E+00        0.100273E+00
        0.100196E+00        0.100141E+00        0.100101E+00        0.100072E+00        0.100052E+00
        0.100037E+00        0.100027E+00        0.100019E+00        0.100014E+00        0.100010E+00
        0.100007E+00        0.100005E+00        0.100004E+00        0.100003E+00        0.100002E+00
        0.100001E+00        0.100001E+00        0.100001E+00        0.100000E+00        0.100000E+00
        0.100000E+00        0.100000E+00        0.100000E+00        0.100000E+00        0.100000E+00
        0.100000E+00        0.100000E+00        0.100000E+00        0.100000E+00        0.100000E+00
        0.100000E+00        0.100000E+00        0.100000E+00        0.100000E+00        0.100000E+00
        0.100000E+00        0.100000E+00        0.100000E+00        0.100000E+00        0.100000E+00
        0.100000E+00        0.100000E+00        0.100000E+00        0.100000E+00        0.100000E+00
        0.100000E+00        0.100000E+00        0.100000E+00        0.100000E+00        0.100000E+00
        0.100000E+00        0.100000E+00        0.100000E+00        0.100000E+00        0.100000E+00
        0.100000E+00        0.100000E+00        0.100000E+00        0.100000E+00        0.100000E+00
        0.100000E+00        0.100000E+00        0.100000E+00        0.100000E+00        0.100000E+00
        0.100000E+00
t =   0.300E+00
        0.100000E+01        0.100000E+01        0.100000E+01        0.100000E+01        0.100000E+01
        0.100000E+01        0.100000E+01        0.100000E+01        0.100000E+01        0.100000E+01
        0.100000E+01        0.100000E+01        0.100000E+01        0.100000E+01        0.100000E+01
        0.100000E+01        0.100000E+01        0.100000E+01        0.100000E+01        0.100000E+01
        0.100000E+01        0.100000E+01        0.100000E+01        0.100000E+01        0.100000E+01
        0.100000E+01        0.100000E+01        0.100000E+01        0.100000E+01        0.100000E+01
        0.100000E+01        0.100000E+01        0.100000E+01        0.100000E+01        0.100000E+01
        0.100000E+01        0.100000E+01        0.100000E+01        0.100000E+01        0.100000E+01
        0.100000E+01        0.100000E+01        0.100000E+01        0.100000E+01        0.100000E+01
        0.100000E+01        0.100000E+01        0.100000E+01        0.100000E+01        0.100000E+01
        0.100000E+01        0.100000E+01        0.100000E+01        0.100000E+01        0.100000E+01
        0.100000E+01        0.100000E+01        0.100000E+01        0.100000E+01        0.100000E+01
        0.100000E+01        0.100000E+01        0.100000E+01        0.100000E+01        0.999999E+00
        0.999999E+00        0.999999E+00        0.999998E+00        0.999997E+00        0.999995E+00
        0.999992E+00        0.999988E+00        0.999981E+00        0.999971E+00        0.999956E+00
        0.999932E+00        0.999894E+00        0.999836E+00        0.999747E+00        0.999606E+00
        0.999386E+00        0.999041E+00        0.998498E+00        0.997643E+00        0.996293E+00
        0.994159E+00        0.990806E+00        0.985578E+00        0.977513E+00        0.965295E+00
        0.947320E+00        0.921928E+00        0.887909E+00        0.845263E+00        0.795868E+00
        0.743412E+00        0.692363E+00        0.646538E+00        0.608155E+00        0.577743E+00
        0.554625E+00        0.537534E+00        0.525075E+00        0.515973E+00        0.509160E+00
        0.503774E+00        0.499115E+00        0.494581E+00        0.489620E+00        0.483676E+00
        0.476156E+00        0.466409E+00        0.453742E+00        0.437485E+00        0.417108E+00
        0.392406E+00        0.363687E+00        0.331885E+00        0.298506E+00        0.265365E+00
        0.234207E+00        0.206362E+00        0.182572E+00        0.163010E+00        0.147418E+00
        0.135296E+00        0.126052E+00        0.119106E+00        0.113944E+00        0.110139E+00
        0.107352E+00        0.105321E+00        0.103844E+00        0.102774E+00        0.102000E+00
        0.101440E+00        0.101037E+00        0.100746E+00        0.100536E+00        0.100386E+00
        0.100277E+00        0.100199E+00        0.100143E+00        0.100103E+00        0.100074E+00
        0.100053E+00        0.100038E+00        0.100027E+00        0.100019E+00        0.100014E+00
        0.100010E+00        0.100007E+00        0.100005E+00        0.100004E+00        0.100003E+00
        0.100002E+00        0.100001E+00        0.100001E+00        0.100001E+00        0.100001E+00
        0.100000E+00        0.100000E+00        0.100000E+00        0.100000E+00        0.100000E+00
        0.100000E+00        0.100000E+00        0.100000E+00        0.100000E+00        0.100000E+00
        0.100000E+00        0.100000E+00        0.100000E+00        0.100000E+00        0.100000E+00
        0.100000E+00        0.100000E+00        0.100000E+00        0.100000E+00        0.100000E+00
        0.100000E+00        0.100000E+00        0.100000E+00        0.100000E+00        0.100000E+00
        0.100000E+00        0.100000E+00        0.100000E+00        0.100000E+00        0.100000E+00
        0.100000E+00        0.100000E+00        0.100000E+00        0.100000E+00        0.100000E+00
        0.100000E+00        0.100000E+00        0.100000E+00        0.100000E+00        0.100000E+00
        0.100000E+00
t =   0.400E+00
        0.100000E+01        0.100000E+01        0.100000E+01        0.100000E+01        0.100000E+01
        0.100000E+01        0.100000E+01        0.100000E+01        0.100000E+01        0.100000E+01
        0.100000E+01        0.100000E+01        0.100000E+01        0.100000E+01        0.100000E+01
        0.100000E+01        0.100000E+01        0.100000E+01        0.100000E+01        0.100000E+01
        0.100000E+01        0.100000E+01        0.100000E+01        0.100000E+01        0.100000E+01
        0.100000E+01        0.100000E+01        0.100000E+01        0.100000E+01        0.100000E+01
        0.100000E+01        0.100000E+01        0.100000E+01        0.100000E+01        0.100000E+01
        0.100000E+01        0.100000E+01        0.100000E+01        0.100000E+01        0.100000E+01
        0.100000E+01        0.100000E+01        0.100000E+01        0.100000E+01        0.100000E+01
        0.100000E+01        0.100000E+01        0.100000E+01        0.100000E+01        0.100000E+01
        0.100000E+01        0.100000E+01        0.100000E+01        0.100000E+01        0.100000E+01
        0.100000E+01        0.100000E+01        0.100000E+01        0.100000E+01        0.100000E+01
        0.100000E+01        0.100000E+01        0.100000E+01        0.100000E+01        0.100000E+01
        0.100000E+01        0.100000E+01        0.100000E+01        0.100000E+01        0.100000E+01
        0.100000E+01        0.100000E+01        0.100000E+01        0.100000E+01        0.100000E+01
        0.100000E+01        0.100000E+01        0.100000E+01        0.100000E+01        0.999999E+00
        0.999999E+00        0.999999E+00        0.999998E+00        0.999997E+00        0.999996E+00
        0.999993E+00        0.999989E+00        0.999984E+00        0.999975E+00        0.999960E+00
        0.999938E+00        0.999904E+00        0.999849E+00        0.999764E+00        0.999630E+00
        0.999418E+00        0.999082E+00        0.998550E+00        0.997707E+00        0.996371E+00
        0.994251E+00        0.990910E+00        0.985690E+00        0.977623E+00        0.965373E+00
        0.947313E+00        0.921751E+00        0.887435E+00        0.844305E+00        0.794174E+00
        0.740665E+00        0.688162E+00        0.640363E+00        0.599313E+00        0.565283E+00
        0.537251E+00        0.513508E+00        0.492131E+00        0.471264E+00        0.449287E+00
        0.424949E+00        0.397520E+00        0.366936E+00        0.333876E+00        0.299666E+00
        0.265995E+00        0.234515E+00        0.206486E+00        0.182602E+00        0.162995E+00
        0.147389E+00        0.135267E+00        0.126028E+00        0.119089E+00        0.113934E+00
        0.110135E+00        0.107353E+00        0.105323E+00        0.103848E+00        0.102779E+00
        0.102005E+00        0.101445E+00        0.101041E+00        0.100750E+00        0.100540E+00
        0.100389E+00        0.100279E+00        0.100201E+00        0.100144E+00        0.100104E+00
        0.100075E+00        0.100054E+00        0.100038E+00        0.100028E+00        0.100020E+00
        0.100014E+00        0.100010E+00        0.100007E+00        0.100005E+00        0.100004E+00
        0.100003E+00        0.100002E+00        0.100001E+00        0.100001E+00        0.100001E+00
        0.100001E+00        0.100000E+00        0.100000E+00        0.100000E+00        0.100000E+00
        0.100000E+00        0.100000E+00        0.100000E+00        0.100000E+00        0.100000E+00
        0.100000E+00        0.100000E+00        0.100000E+00        0.100000E+00        0.100000E+00
        0.100000E+00        0.100000E+00        0.100000E+00        0.100000E+00        0.100000E+00
        0.100000E+00        0.100000E+00        0.100000E+00        0.100000E+00        0.100000E+00
        0.100000E+00        0.100000E+00        0.100000E+00        0.100000E+00        0.100000E+00
        0.100000E+00        0.100000E+00        0.100000E+00        0.100000E+00        0.100000E+00
        0.100000E+00
t =   0.500E+00
        0.100000E+01        0.100000E+01        0.100000E+01        0.100000E+01        0.100000E+01
        0.100000E+01        0.100000E+01        0.100000E+01        0.100000E+01        0.100000E+01
        0.100000E+01        0.100000E+01        0.100000E+01        0.100000E+01        0.100000E+01
        0.100000E+01        0.100000E+01        0.100000E+01        0.100000E+01        0.100000E+01
        0.100000E+01        0.100000E+01        0.100000E+01        0.100000E+01        0.100000E+01
        0.100000E+01        0.100000E+01        0.100000E+01        0.100000E+01        0.100000E+01
        0.100000E+01        0.100000E+01        0.100000E+01        0.100000E+01        0.100000E+01
        0.100000E+01        0.100000E+01        0.100000E+01        0.100000E+01        0.100000E+01
        0.100000E+01        0.100000E+01        0.100000E+01        0.100000E+01        0.100000E+01
        0.100000E+01        0.100000E+01        0.100000E+01        0.100000E+01        0.100000E+01
        0.100000E+01        0.100000E+01        0.100000E+01        0.100000E+01        0.100000E+01
        0.100000E+01        0.100000E+01        0.100000E+01        0.100000E+01        0.100000E+01
        0.100000E+01        0.100000E+01        0.100000E+01        0.100000E+01        0.100000E+01
        0.100000E+01        0.100000E+01        0.100000E+01        0.100000E+01        0.100000E+01
        0.100000E+01        0.100000E+01        0.100000E+01        0.100000E+01        0.100000E+01
        0.100000E+01        0.100000E+01        0.100000E+01        0.100000E+01        0.100000E+01
        0.100000E+01        0.100000E+01        0.100000E+01        0.100000E+01        0.100000E+01
        0.100000E+01        0.100000E+01        0.100000E+01        0.100000E+01        0.100000E+01
        0.100000E+01        0.100000E+01        0.100000E+01        0.100000E+01        0.999999E+00
        0.999999E+00        0.999999E+00        0.999998E+00        0.999997E+00        0.999996E+00
        0.999994E+00        0.999990E+00        0.999985E+00        0.999976E+00        0.999963E+00
        0.999942E+00        0.999909E+00        0.999857E+00        0.999773E+00        0.999642E+00
        0.999433E+00        0.999101E+00        0.998572E+00        0.997732E+00        0.996394E+00
        0.994261E+00        0.990874E+00        0.985539E+00        0.977201E+00        0.964338E+00
        0.944957E+00        0.916716E+00        0.877326E+00        0.825393E+00        0.761481E+00
        0.688582E+00        0.611421E+00        0.534915E+00        0.462862E+00        0.397525E+00
        0.339934E+00        0.290372E+00        0.248692E+00        0.214442E+00        0.186929E+00
        0.165287E+00        0.148574E+00        0.135867E+00        0.126327E+00        0.119236E+00
        0.114005E+00        0.110170E+00        0.107370E+00        0.105332E+00        0.103854E+00
        0.102783E+00        0.102008E+00        0.101448E+00        0.101044E+00        0.100752E+00
        0.100542E+00        0.100390E+00        0.100281E+00        0.100202E+00        0.100145E+00
        0.100105E+00        0.100075E+00        0.100054E+00        0.100039E+00        0.100028E+00
        0.100020E+00        0.100014E+00        0.100010E+00        0.100007E+00        0.100005E+00
        0.100004E+00        0.100003E+00        0.100002E+00        0.100001E+00        0.100001E+00
        0.100001E+00        0.100001E+00        0.100000E+00        0.100000E+00        0.100000E+00
        0.100000E+00        0.100000E+00        0.100000E+00        0.100000E+00        0.100000E+00
        0.100000E+00        0.100000E+00        0.100000E+00        0.100000E+00        0.100000E+00
        0.100000E+00        0.100000E+00        0.100000E+00        0.100000E+00        0.100000E+00
        0.100000E+00        0.100000E+00        0.100000E+00        0.100000E+00        0.100000E+00
        0.100000E+00        0.100000E+00        0.100000E+00        0.100000E+00        0.100000E+00
        0.100000E+00
t =   0.600E+00
        0.100000E+01        0.100000E+01        0.100000E+01        0.100000E+01        0.100000E+01
        0.100000E+01        0.100000E+01        0.100000E+01        0.100000E+01        0.100000E+01
        0.100000E+01        0.100000E+01        0.100000E+01        0.100000E+01        0.100000E+01
        0.100000E+01        0.100000E+01        0.100000E+01        0.100000E+01        0.100000E+01
        0.100000E+01        0.100000E+01        0.100000E+01        0.100000E+01        0.100000E+01
        0.100000E+01        0.100000E+01        0.100000E+01        0.100000E+01        0.100000E+01
        0.100000E+01        0.100000E+01        0.100000E+01        0.100000E+01        0.100000E+01
        0.100000E+01        0.100000E+01        0.100000E+01        0.100000E+01        0.100000E+01
        0.100000E+01        0.100000E+01        0.100000E+01        0.100000E+01        0.100000E+01
        0.100000E+01        0.100000E+01        0.100000E+01        0.100000E+01        0.100000E+01
        0.100000E+01        0.100000E+01        0.100000E+01        0.100000E+01        0.100000E+01
        0.100000E+01        0.100000E+01        0.100000E+01        0.100000E+01        0.100000E+01
        0.100000E+01        0.100000E+01        0.100000E+01        0.100000E+01        0.100000E+01
        0.100000E+01        0.100000E+01        0.100000E+01        0.100000E+01        0.100000E+01
        0.100000E+01        0.100000E+01        0.100000E+01        0.100000E+01        0.100000E+01
        0.100000E+01        0.100000E+01        0.100000E+01        0.100000E+01        0.100000E+01
        0.100000E+01        0.100000E+01        0.100000E+01        0.100000E+01        0.100000E+01
        0.100000E+01        0.100000E+01        0.100000E+01        0.100000E+01        0.100000E+01
        0.100000E+01        0.100000E+01        0.100000E+01        0.100000E+01        0.100000E+01
        0.100000E+01        0.100000E+01        0.100000E+01        0.100000E+01        0.100000E+01
        0.100000E+01        0.100000E+01        0.100000E+01        0.100000E+01        0.100000E+01
        0.100000E+01        0.100000E+01        0.100000E+01        0.100000E+01        0.100000E+01
        0.999999E+00        0.999999E+00        0.999999E+00        0.999998E+00        0.999996E+00
        0.999994E+00        0.999991E+00        0.999986E+00        0.999978E+00        0.999965E+00
        0.999944E+00        0.999912E+00        0.999859E+00        0.999773E+00        0.999650E+00
        0.999442E+00        0.999068E+00        0.998509E+00        0.997620E+00        0.996042E+00
        0.993374E+00        0.988816E+00        0.980615E+00        0.965653E+00        0.938380E+00
        0.889868E+00        0.809761E+00        0.694507E+00        0.557230E+00        0.423880E+00
        0.315707E+00        0.238873E+00        0.188573E+00        0.156910E+00        0.137166E+00
        0.124742E+00        0.116777E+00        0.111556E+00        0.108060E+00        0.105676E+00
        0.104024E+00        0.102868E+00        0.102050E+00        0.101470E+00        0.101055E+00
        0.100758E+00        0.100545E+00        0.100392E+00        0.100282E+00        0.100203E+00
        0.100146E+00        0.100105E+00        0.100076E+00        0.100054E+00        0.100039E+00
        0.100028E+00        0.100020E+00        0.100015E+00        0.100010E+00        0.100008E+00
        0.100005E+00        0.100004E+00        0.100003E+00        0.100002E+00        0.100001E+00
        0.100001E+00        0.100001E+00        0.100001E+00        0.100000E+00        0.100000E+00
        0.100000E+00        0.100000E+00        0.100000E+00        0.100000E+00        0.100000E+00
        0.100000E+00        0.100000E+00        0.100000E+00        0.100000E+00        0.100000E+00
        0.100000E+00        0.100000E+00        0.100000E+00        0.100000E+00        0.100000E+00
        0.100000E+00        0.100000E+00        0.100000E+00        0.100000E+00        0.100000E+00
        0.100000E+00
t =   0.700E+00
        0.100000E+01        0.100000E+01        0.100000E+01        0.100000E+01        0.100000E+01
        0.100000E+01        0.100000E+01        0.100000E+01        0.100000E+01        0.100000E+01
        0.100000E+01        0.100000E+01        0.100000E+01        0.100000E+01        0.100000E+01
        0.100000E+01        0.100000E+01        0.100000E+01        0.100000E+01        0.100000E+01
        0.100000E+01        0.100000E+01        0.100000E+01        0.100000E+01        0.100000E+01
        0.100000E+01        0.100000E+01        0.100000E+01        0.100000E+01        0.100000E+01
        0.100000E+01        0.100000E+01        0.100000E+01        0.100000E+01        0.100000E+01
        0.100000E+01        0.100000E+01        0.100000E+01        0.100000E+01        0.100000E+01
        0.100000E+01        0.100000E+01        0.100000E+01        0.100000E+01        0.100000E+01
        0.100000E+01        0.100000E+01        0.100000E+01        0.100000E+01        0.100000E+01
        0.100000E+01        0.100000E+01        0.100000E+01        0.100000E+01        0.100000E+01
        0.100000E+01        0.100000E+01        0.100000E+01        0.100000E+01        0.100000E+01
        0.100000E+01        0.100000E+01        0.100000E+01        0.100000E+01        0.100000E+01
        0.100000E+01        0.100000E+01        0.100000E+01        0.100000E+01        0.100000E+01
        0.100000E+01        0.100000E+01        0.100000E+01        0.100000E+01        0.100000E+01
        0.100000E+01        0.100000E+01        0.100000E+01        0.100000E+01        0.100000E+01
        0.100000E+01        0.100000E+01        0.100000E+01        0.100000E+01        0.100000E+01
        0.100000E+01        0.100000E+01        0.100000E+01        0.100000E+01        0.100000E+01
        0.100000E+01        0.100000E+01        0.100000E+01        0.100000E+01        0.100000E+01
        0.100000E+01        0.100000E+01        0.100000E+01        0.100000E+01        0.100000E+01
        0.100000E+01        0.100000E+01        0.100000E+01        0.100000E+01        0.100000E+01
        0.100000E+01        0.100000E+01        0.100000E+01        0.100000E+01        0.100000E+01
        0.100000E+01        0.100000E+01        0.100000E+01        0.100000E+01        0.100000E+01
        0.100000E+01        0.100000E+01        0.100000E+01        0.100000E+01        0.100000E+01
        0.100000E+01        0.100000E+01        0.100000E+01        0.100000E+01        0.100000E+01
        0.999999E+00        0.999999E+00        0.999999E+00        0.999997E+00        0.999996E+00
        0.999995E+00        0.999991E+00        0.999985E+00        0.999979E+00        0.999965E+00
        0.999942E+00        0.999905E+00        0.999843E+00        0.999733E+00        0.999532E+00
        0.999149E+00        0.998385E+00        0.996788E+00        0.993309E+00        0.985518E+00
        0.968004E+00        0.929957E+00        0.854687E+00        0.729618E+00        0.567538E+00
        0.407932E+00        0.284428E+00        0.204131E+00        0.157227E+00        0.131335E+00
        0.117371E+00        0.109856E+00        0.105763E+00        0.103485E+00        0.102180E+00
        0.101406E+00        0.100932E+00        0.100631E+00        0.100435E+00        0.100304E+00
        0.100214E+00        0.100152E+00        0.100108E+00        0.100077E+00        0.100055E+00
        0.100040E+00        0.100028E+00        0.100020E+00        0.100015E+00        0.100011E+00
        0.100008E+00        0.100005E+00        0.100004E+00        0.100003E+00        0.100002E+00
        0.100001E+00        0.100001E+00        0.100001E+00        0.100001E+00        0.100000E+00
        0.100000E+00        0.100000E+00        0.100000E+00        0.100000E+00        0.100000E+00
        0.100000E+00        0.100000E+00        0.100000E+00        0.100000E+00        0.100000E+00
        0.100000E+00        0.100000E+00        0.100000E+00        0.100000E+00        0.100000E+00
        0.100000E+00
t =   0.800E+00
        0.100000E+01        0.100000E+01        0.100000E+01        0.100000E+01        0.100000E+01
        0.100000E+01        0.100000E+01        0.100000E+01        0.100000E+01        0.100000E+01
        0.100000E+01        0.100000E+01        0.100000E+01        0.100000E+01        0.100000E+01
        0.100000E+01        0.100000E+01        0.100000E+01        0.100000E+01        0.100000E+01
        0.100000E+01        0.100000E+01        0.100000E+01        0.100000E+01        0.100000E+01
        0.100000E+01        0.100000E+01        0.100000E+01        0.100000E+01        0.100000E+01
        0.100000E+01        0.100000E+01        0.100000E+01        0.100000E+01        0.100000E+01
        0.100000E+01        0.100000E+01        0.100000E+01        0.100000E+01        0.100000E+01
        0.100000E+01        0.100000E+01        0.100000E+01        0.100000E+01        0.100000E+01
        0.100000E+01        0.100000E+01        0.100000E+01        0.100000E+01        0.100000E+01
        0.100000E+01        0.100000E+01        0.100000E+01        0.100000E+01        0.100000E+01
        0.100000E+01        0.100000E+01        0.100000E+01        0.100000E+01        0.100000E+01
        0.100000E+01        0.100000E+01        0.100000E+01        0.100000E+01        0.100000E+01
        0.100000E+01        0.100000E+01        0.100000E+01        0.100000E+01        0.100000E+01
        0.100000E+01        0.100000E+01        0.100000E+01        0.100000E+01        0.100000E+01
        0.100000E+01        0.100000E+01        0.100000E+01        0.100000E+01        0.100000E+01
        0.100000E+01        0.100000E+01        0.100000E+01        0.100000E+01        0.100000E+01
        0.100000E+01        0.100000E+01        0.100000E+01        0.100000E+01        0.100000E+01
        0.100000E+01        0.100000E+01        0.100000E+01        0.100000E+01        0.100000E+01
        0.100000E+01        0.100000E+01        0.100000E+01        0.100000E+01        0.100000E+01
        0.100000E+01        0.100000E+01        0.100000E+01        0.100000E+01        0.100000E+01
        0.100000E+01        0.100000E+01        0.100000E+01        0.100000E+01        0.100000E+01
        0.100000E+01        0.100000E+01        0.100000E+01        0.100000E+01        0.100000E+01
        0.100000E+01        0.100000E+01        0.100000E+01        0.100000E+01        0.100000E+01
        0.100000E+01        0.100000E+01        0.100000E+01        0.100000E+01        0.100000E+01
        0.100000E+01        0.100000E+01        0.100000E+01        0.100000E+01        0.100000E+01
        0.100000E+01        0.100000E+01        0.100000E+01        0.100000E+01        0.100000E+01
        0.100000E+01        0.100000E+01        0.100000E+01        0.100000E+01        0.100000E+01
        0.999999E+00        0.999999E+00        0.999999E+00        0.999998E+00        0.999996E+00
        0.999994E+00        0.999989E+00        0.999980E+00        0.999962E+00        0.999924E+00
        0.999842E+00        0.999653E+00        0.999208E+00        0.998137E+00        0.995528E+00
        0.989150E+00        0.973736E+00        0.938271E+00        0.864788E+00        0.738098E+00
        0.570357E+00        0.404523E+00        0.277516E+00        0.196589E+00        0.150580E+00
        0.126025E+00        0.113330E+00        0.106857E+00        0.103566E+00        0.101886E+00
        0.101020E+00        0.100568E+00        0.100326E+00        0.100194E+00        0.100120E+00
        0.100076E+00        0.100050E+00        0.100034E+00        0.100023E+00        0.100016E+00
        0.100011E+00        0.100008E+00        0.100006E+00        0.100004E+00        0.100003E+00
        0.100002E+00        0.100001E+00        0.100001E+00        0.100001E+00        0.100001E+00
        0.100000E+00        0.100000E+00        0.100000E+00        0.100000E+00        0.100000E+00
        0.100000E+00        0.100000E+00        0.100000E+00        0.100000E+00        0.100000E+00
        0.100000E+00
t =   0.900E+00
        0.100000E+01        0.100000E+01        0.100000E+01        0.100000E+01        0.100000E+01
        0.100000E+01        0.100000E+01        0.100000E+01        0.100000E+01        0.100000E+01
        0.100000E+01        0.100000E+01        0.100000E+01        0.100000E+01        0.100000E+01
        0.100000E+01        0.100000E+01        0.100000E+01        0.100000E+01        0.100000E+01
        0.100000E+01        0.100000E+01        0.100000E+01        0.100000E+01        0.100000E+01
        0.100000E+01        0.100000E+01        0.100000E+01        0.100000E+01        0.100000E+01
        0.100000E+01        0.100000E+01        0.100000E+01        0.100000E+01        0.100000E+01
        0.100000E+01        0.100000E+01        0.100000E+01        0.100000E+01        0.100000E+01
        0.100000E+01        0.100000E+01        0.100000E+01        0.100000E+01        0.100000E+01
        0.100000E+01        0.100000E+01        0.100000E+01        0.100000E+01        0.100000E+01
        0.100000E+01        0.100000E+01        0.100000E+01        0.100000E+01        0.100000E+01
        0.100000E+01        0.100000E+01        0.100000E+01        0.100000E+01        0.100000E+01
        0.100000E+01        0.100000E+01        0.100000E+01        0.100000E+01        0.100000E+01
        0.100000E+01        0.100000E+01        0.100000E+01        0.100000E+01        0.100000E+01
        0.100000E+01        0.100000E+01        0.100000E+01        0.100000E+01        0.100000E+01
        0.100000E+01        0.100000E+01        0.100000E+01        0.100000E+01        0.100000E+01
        0.100000E+01        0.100000E+01        0.100000E+01        0.100000E+01        0.100000E+01
        0.100000E+01        0.100000E+01        0.100000E+01        0.100000E+01        0.100000E+01
        0.100000E+01        0.100000E+01        0.100000E+01        0.100000E+01        0.100000E+01
        0.100000E+01        0.100000E+01        0.100000E+01        0.100000E+01        0.100000E+01
        0.100000E+01        0.100000E+01        0.100000E+01        0.100000E+01        0.100000E+01
        0.100000E+01        0.100000E+01        0.100000E+01        0.100000E+01        0.100000E+01
        0.100000E+01        0.100000E+01        0.100000E+01        0.100000E+01        0.100000E+01
        0.100000E+01        0.100000E+01        0.100000E+01        0.100000E+01        0.100000E+01
        0.100000E+01        0.100000E+01        0.100000E+01        0.100000E+01        0.100000E+01
        0.100000E+01        0.100000E+01        0.100000E+01        0.100000E+01        0.100000E+01
        0.100000E+01        0.100000E+01        0.100000E+01        0.100000E+01        0.100000E+01
        0.100000E+01        0.100000E+01        0.100000E+01        0.100000E+01        0.100000E+01
        0.100000E+01        0.100000E+01        0.100000E+01        0.100000E+01        0.100000E+01
        0.100000E+01        0.100000E+01        0.100000E+01        0.100000E+01        0.100000E+01
        0.100000E+01        0.100000E+01        0.100000E+01        0.100000E+01        0.999999E+00
        0.999999E+00        0.999998E+00        0.999996E+00        0.999992E+00        0.999981E+00
        0.999955E+00        0.999893E+00        0.999736E+00        0.999347E+00        0.998371E+00
        0.995916E+00        0.989786E+00        0.974804E+00        0.939879E+00        0.866700E+00
        0.739762E+00        0.571000E+00        0.403933E+00        0.276208E+00        0.195142E+00
        0.149301E+00        0.125002E+00        0.112552E+00        0.106278E+00        0.103141E+00
        0.101577E+00        0.100796E+00        0.100405E+00        0.100209E+00        0.100110E+00
        0.100059E+00        0.100032E+00        0.100018E+00        0.100011E+00        0.100007E+00
        0.100004E+00        0.100003E+00        0.100002E+00        0.100001E+00        0.100001E+00
        0.100001E+00        0.100000E+00        0.100000E+00        0.100000E+00        0.100000E+00
        0.100000E+00
t =   0.100E+01
        0.100000E+01        0.100000E+01        0.100000E+01        0.100000E+01        0.100000E+01
        0.100000E+01        0.100000E+01        0.100000E+01        0.100000E+01        0.100000E+01
        0.100000E+01        0.100000E+01        0.100000E+01        0.100000E+01        0.100000E+01
        0.100000E+01        0.100000E+01        0.100000E+01        0.100000E+01        0.100000E+01
        0.100000E+01        0.100000E+01        0.100000E+01        0.100000E+01        0.100000E+01
        0.100000E+01        0.100000E+01        0.100000E+01        0.100000E+01        0.100000E+01
        0.100000E+01        0.100000E+01        0.100000E+01        0.100000E+01        0.100000E+01
        0.100000E+01        0.100000E+01        0.100000E+01        0.100000E+01        0.100000E+01
        0.100000E+01        0.100000E+01        0.100000E+01        0.100000E+01        0.100000E+01
        0.100000E+01        0.100000E+01        0.100000E+01        0.100000E+01        0.100000E+01
        0.100000E+01        0.100000E+01        0.100000E+01        0.100000E+01        0.100000E+01
        0.100000E+01        0.100000E+01        0.100000E+01        0.100000E+01        0.100000E+01
        0.100000E+01        0.100000E+01        0.100000E+01        0.100000E+01        0.100000E+01
        0.100000E+01        0.100000E+01        0.100000E+01        0.100000E+01        0.100000E+01
        0.100000E+01        0.100000E+01        0.100000E+01        0.100000E+01        0.100000E+01
        0.100000E+01        0.100000E+01        0.100000E+01        0.100000E+01        0.100000E+01
        0.100000E+01        0.100000E+01        0.100000E+01        0.100000E+01        0.100000E+01
        0.100000E+01        0.100000E+01        0.100000E+01        0.100000E+01        0.100000E+01
        0.100000E+01        0.100000E+01        0.100000E+01        0.100000E+01        0.100000E+01
        0.100000E+01        0.100000E+01        0.100000E+01        0.100000E+01        0.100000E+01
        0.100000E+01        0.100000E+01        0.100000E+01        0.100000E+01        0.100000E+01
        0.100000E+01        0.100000E+01        0.100000E+01        0.100000E+01        0.100000E+01
        0.100000E+01        0.100000E+01        0.100000E+01        0.100000E+01        0.100000E+01
        0.100000E+01        0.100000E+01        0.100000E+01        0.100000E+01        0.100000E+01
        0.100000E+01        0.100000E+01        0.100000E+01        0.100000E+01        0.100000E+01
        0.100000E+01        0.100000E+01        0.100000E+01        0.100000E+01        0.100000E+01
        0.100000E+01        0.100000E+01        0.100000E+01        0.100000E+01        0.100000E+01
        0.100000E+01        0.100000E+01        0.100000E+01        0.100000E+01        0.100000E+01
        0.100000E+01        0.100000E+01        0.100000E+01        0.100000E+01        0.100000E+01
        0.100000E+01        0.100000E+01        0.100000E+01        0.100000E+01        0.100000E+01
        0.100000E+01        0.100000E+01        0.100000E+01        0.100000E+01        0.100000E+01
        0.100000E+01        0.100000E+01        0.100000E+01        0.100000E+01        0.100000E+01
        0.100000E+01        0.100000E+01        0.100000E+01        0.100000E+01        0.100000E+01
        0.100000E+01        0.999999E+00        0.999999E+00        0.999997E+00        0.999994E+00
        0.999984E+00        0.999960E+00        0.999901E+00        0.999751E+00        0.999370E+00
        0.998409E+00        0.995988E+00        0.989919E+00        0.974971E+00        0.940119E+00
        0.867113E+00        0.740127E+00        0.571106E+00        0.403807E+00        0.275962E+00
        0.194872E+00        0.149060E+00        0.124809E+00        0.112404E+00        0.106168E+00
        0.103060E+00        0.101517E+00        0.100753E+00        0.100374E+00        0.100186E+00
        0.100093E+00        0.100047E+00        0.100023E+00        0.100011E+00        0.100004E+00
        0.100000E+00
